   3.4791232986023158E-003
   3.5199928347720865E-003
   3.5463585344813835E-003
   3.5598422011195274E-003
   3.5658218718268965E-003
   3.5680341193665400E-003
   3.5678383847119834E-003
   3.5658068242745851E-003
   3.5631101189119636E-003
   3.5616312872606380E-003
   3.5663038177342794E-003
   3.6021480827856936E-003
   3.6405612761367390E-003
   3.6531014436684407E-003
   3.6486480436418640E-003
   3.6360526119129837E-003
   3.6210821675012896E-003
   3.6066628933960495E-003
   3.5940034443364553E-003
   3.5834761293178242E-003
   3.5751594893316781E-003
   3.5689234521350038E-003
   3.5644214598155454E-003
   3.5612652866672907E-003
   3.5590964391436671E-003
   3.5576489318349196E-003
   3.5568020919716061E-003
   3.5564296186800402E-003
   3.5563515464324376E-003
   3.5564664266987669E-003
   3.5567292926805085E-003
   3.5571289914384128E-003
   3.5576709216225788E-003
   3.5583047925725865E-003
   3.5589815532290629E-003
   3.5596836990768586E-003
   3.5604279929554333E-003
   3.5612621737775491E-003
   3.5622004087128654E-003
   3.5631764009901182E-003
   3.5641378092604974E-003
   3.5651094254591366E-003
   3.5661522210603857E-003
   3.5672939545951139E-003
   3.5684861579020582E-003
   3.5696838142896163E-003
   3.5708906032848584E-003
   3.5721268488565199E-003
   3.5734314148835886E-003
   3.5748259402092445E-003
   3.5762599019959727E-003
   3.5776837467324345E-003
   3.5791203758443360E-003
   3.5806076426123708E-003
   3.5821663698179886E-003
   3.5837937572460350E-003
   3.5854643527201083E-003
   3.5871498729396398E-003
   3.5888572157790166E-003
   3.5906131484533138E-003
   3.5924248481302339E-003
   3.5942897233533365E-003
   3.5962060264004528E-003
   3.5981690695972403E-003
   3.6001715430559857E-003
   3.6022160947598468E-003
   3.6042935062852131E-003
   3.6064022354457782E-003
   3.6085648958472747E-003
   3.6108042051333912E-003
   3.6131097176384033E-003
   3.6154653736064379E-003
   3.6178451980207653E-003
   3.6202371802294860E-003
   3.6226639380663515E-003
   3.6251765954343610E-003
   3.6277901421408001E-003
   3.6304863115351332E-003
   3.6332214913889584E-003
   3.6359630998515726E-003
   3.6387186177190651E-003
   3.6415230532715432E-003
   3.6444083729774545E-003
   3.6473927466303961E-003
   3.6504550674690888E-003
   3.6535466853926161E-003
   3.6566566260252116E-003
   3.6597985946099894E-003
   3.6629996364369874E-003
   3.6662775349170043E-003
   3.6696304216473400E-003
   3.6730409019799324E-003
   3.6765075642957164E-003
   3.6800139846084935E-003
   3.6835660563064934E-003
   3.6871864481836077E-003
   3.6908910990598055E-003
   3.6946612469692191E-003
   3.6984685425992228E-003
   3.7022905876071036E-003
   3.7061330019608984E-003
   3.7100234831691230E-003
   3.7139902445892607E-003
   3.7180684883885828E-003
   3.7222512984462146E-003
   3.7265010094904710E-003
   3.7307819459293989E-003
   3.7350746367730819E-003
   3.7393747974309882E-003
   3.7437084540380746E-003
   3.7481029477232589E-003
   3.7525898540348313E-003
   3.7571767418664421E-003
   3.7618450078366391E-003
   3.7665762396826966E-003
   3.7713403748925842E-003
   3.7761176936854557E-003
   3.7809129810389805E-003
   3.7857520042938503E-003
   3.7906657194907078E-003
   3.7956865896757856E-003
   3.8008063766537224E-003
   3.8060000684739851E-003
   3.8112377654304268E-003
   3.8165067855497827E-003
   3.8217809162694677E-003
   3.8270649827117260E-003
   3.8323854433745135E-003
   3.8377836656005842E-003
   3.8432948507352467E-003
   3.8489214237946105E-003
   3.8546423243612828E-003
   3.8604161447499110E-003
   3.8662211873409357E-003
   3.8720190347950544E-003
   3.8778050987227906E-003
   3.8835990388418492E-003
   3.8894406405741134E-003
   3.8953831404309530E-003
   3.9014584423786736E-003
   3.9076577317542459E-003
   3.9139560135305123E-003
   3.9203080476977285E-003
   3.9266593340781539E-003
   3.9329871783927925E-003
   3.9392902721537542E-003
   3.9455894687796256E-003
   3.9519400199539770E-003
   3.9583863050742241E-003
   3.9649643979161389E-003
   3.9716785903968184E-003
   3.9784884114722613E-003
   3.9853525035215944E-003
   3.9922316638965425E-003
   3.9990981781647603E-003
   4.0059487880331054E-003
   4.0128142672685996E-003
   4.0197086292025315E-003
   4.0266412303156642E-003
   4.0336344278277085E-003
   4.0407211731769230E-003
   4.0479152403309470E-003
   4.0552093028635248E-003
   4.0625805008640426E-003
   4.0700317722692607E-003
   4.0775224920890562E-003
   4.0849944413728122E-003
   4.0924305236710139E-003
   4.0998342087109636E-003
   4.1072305667836737E-003
   4.1146588451590801E-003
   4.1221774731479786E-003
   4.1298539941138582E-003
   4.1376721338341835E-003
   4.1455882886949694E-003
   4.1535610869047638E-003
   4.1615503682497605E-003
   4.1695272188237761E-003
   4.1774870922424694E-003
   4.1854416594166209E-003
   4.1934150988652162E-003
   4.2014053888904477E-003
   4.2094214081504306E-003
   4.2174909962598706E-003
   4.2256438325343065E-003
   4.2339103193816717E-003
   4.2422823475434645E-003
   4.2507465554317194E-003
   4.2592861983070072E-003
   4.2678430802823610E-003
   4.2763841441952038E-003
   4.2849030689280582E-003
   4.2934113048699379E-003
   4.3019035039168988E-003
   4.3104049478450259E-003
   4.3189746414683166E-003
   4.3276201255187342E-003
   4.3363512319391515E-003
   4.3451901523836956E-003
   4.3541195856972269E-003
   4.3631056015437019E-003
   4.3721269272464737E-003
   4.3811924071286259E-003
   4.3902749578483410E-003
   4.3993561459470913E-003
   4.4084308317722930E-003
   4.4174856046883138E-003
   4.4265324532272634E-003
   4.4356016667662307E-003
   4.4447538846137304E-003
   4.4540144560464220E-003
   4.4633843683921648E-003
   4.4728339515299762E-003
   4.4823379286865993E-003
   4.4918730301357190E-003
   4.5014265597299163E-003
   4.5110219508558338E-003
   4.5206416366582337E-003
   4.5302415076197509E-003
   4.5398118613650786E-003
   4.5493628608629768E-003
   4.5589203593460453E-003
   4.5685371822758178E-003
   4.5782749652776228E-003
   4.5881034653434873E-003
   4.5979993375601736E-003
   4.6079421782365395E-003
   4.6179122218983565E-003
   4.6279051637414170E-003
   4.6379353533686930E-003
   4.6479829338106080E-003
   4.6580096376614300E-003
   4.6680026233101406E-003
   4.6779682523756692E-003
   4.6879374876228888E-003
   4.6979383928009936E-003
   4.7080134997381940E-003
   4.7181659960432000E-003
   4.7283847427749071E-003
   4.7386553585148225E-003
   4.7489690769115323E-003
   4.7592905887215058E-003
   4.7696128870363830E-003
   4.7799349989392928E-003
   4.7902357347608818E-003
   4.8005214251714851E-003
   4.8108045855399829E-003
   4.8210732872792528E-003
   4.8313449117455588E-003
   4.8416661357473098E-003
   4.8520407881500610E-003
   4.8624820376222261E-003
   4.8729802714929079E-003
   4.8835120417567331E-003
   4.8940636890800644E-003
   4.9046391391319626E-003
   4.9152110183564050E-003
   4.9257531510305558E-003
   4.9362367653431622E-003
   4.9466654079092509E-003
   4.9570704524984745E-003
   4.9675179241333725E-003
   4.9780722356673164E-003
   4.9887331722580407E-003
   4.9994724021357002E-003
   5.0102497246929051E-003
   5.0210230562458364E-003
   5.0317815509026906E-003
   5.0425342234785755E-003
   5.0532399485205192E-003
   5.0638929351104426E-003
   5.0745155083831888E-003
   5.0851525144344177E-003
   5.0958769766505591E-003
   5.1067312143755388E-003
   5.1176832906516048E-003
   5.1286893247308530E-003
   5.1397047691458400E-003
   5.1507012432384603E-003
   5.1616618049622198E-003
   5.1725888115355728E-003
   5.1834807868559839E-003
   5.1943682044021207E-003
   5.2053070129562335E-003
   5.2163475192132536E-003
   5.2274856815332426E-003
   5.2387066138966576E-003
   5.2499466100829530E-003
   5.2611580140210171E-003
   5.2723362532395117E-003
   5.2834807376196929E-003
   5.2946215338371258E-003
   5.3058197180322550E-003
   5.3170853076220347E-003
   5.3284108975893141E-003
   5.3397604037047665E-003
   5.3510952279415356E-003
   5.3624100313438257E-003
   5.3737375420442809E-003
   5.3850945974191098E-003
   5.3964912277681557E-003
   5.4079139117787205E-003
   5.4193446199902766E-003
   5.4307695132399117E-003
